Column 1: Depth of solution
Column 2: Total states stored
Column 3: Total states searched
Column 4: Time taken
Testing Linear_Conflict, N = 3
[[11, 24, 42, 0.0009980201721191406], [15, 69, 117, 0.0019948482513427734], [16, 74, 129, 0.0029921531677246094], [16, 25, 44, 0.0009982585906982422], [17, 102, 170, 0.003989219665527344], [18, 86, 144, 0.0029916763305664062], [18, 159, 262, 0.004987001419067383], [19, 92, 153, 0.004986763000488281], [19, 160, 272, 0.005982160568237305], [20, 36, 57, 0.000995635986328125], [20, 204, 339, 0.007978439331054688], [20, 118, 189, 0.003989219665527344], [20, 480, 784, 0.01795196533203125], [20, 158, 267, 0.005984067916870117], [20, 40, 66, 0.0009980201721191406], [21, 376, 616, 0.013962507247924805], [21, 646, 1066, 0.03590250015258789], [21, 504, 825, 0.018948793411254883], [21, 322, 529, 0.011967897415161133], [22, 180, 304, 0.006981372833251953], [22, 356, 603, 0.01792168617248535], [22, 86, 138, 0.0029921531677246094], [22, 172, 285, 0.005984306335449219], [22, 312, 514, 0.011967658996582031], [22, 402, 661, 0.022939443588256836], [23, 351, 565, 0.019947052001953125], [23, 351, 590, 0.01296544075012207], [23, 532, 887, 0.018949270248413086], [23, 417, 677, 0.014923334121704102], [23, 741, 1217, 0.02792978286743164], [23, 676, 1109, 0.037897586822509766], [23, 1002, 1633, 0.057843923568725586], [24, 792, 1297, 0.04089164733886719], [24, 738, 1201, 0.026929378509521484], [24, 1408, 2243, 0.05385613441467285], [24, 759, 1270, 0.027925729751586914], [24, 192, 311, 0.010002374649047852], [24, 582, 944, 0.03390955924987793], [25, 756, 1250, 0.028922557830810547], [25, 1167, 1896, 0.04288792610168457], [25, 717, 1178, 0.026927947998046875], [25, 911, 1513, 0.048870086669921875], [26, 1149, 1898, 0.04288530349731445], [26, 1558, 2553, 0.0578455924987793], [26, 1524, 2459, 0.058843135833740234], [26, 1626, 2662, 0.0608372688293457], [26, 1605, 2600, 0.08972358703613281], [28, 3218, 5180, 0.1266920566558838], [28, 759, 1245, 0.02792525291442871]]
Column 1: Depth of solution
Column 2: Total states stored
Column 3: Total states searched
Column 4: Time taken
Testing Linear_Conflict, N = 3
[[11, 24, 42, 0.0009627342224121094], [15, 69, 117, 0.004987955093383789], [16, 74, 129, 0.003987789154052734], [16, 25, 44, 0.0009992122650146484], [17, 102, 170, 0.003992795944213867], [18, 86, 144, 0.00299072265625], [18, 159, 262, 0.00601506233215332], [19, 92, 153, 0.0030031204223632812], [19, 160, 272, 0.00698089599609375], [20, 36, 57, 0.0019948482513427734], [20, 204, 339, 0.008971929550170898], [20, 118, 189, 0.005000114440917969], [20, 480, 784, 0.019913673400878906], [20, 158, 267, 0.0069811344146728516], [20, 40, 66, 0.0010042190551757812], [21, 376, 616, 0.02077651023864746], [21, 646, 1066, 0.03182506561279297], [21, 504, 825, 0.02490067481994629], [21, 322, 529, 0.011967658996582031], [22, 180, 304, 0.008976936340332031], [22, 356, 603, 0.01495814323425293], [22, 86, 138, 0.003019571304321289], [22, 172, 285, 0.0069811344146728516], [22, 312, 514, 0.012964487075805664], [22, 402, 661, 0.018949270248413086], [23, 351, 565, 0.012964963912963867], [23, 351, 590, 0.022938966751098633], [23, 532, 887, 0.023936033248901367], [23, 417, 677, 0.01894831657409668], [23, 741, 1217, 0.03490471839904785], [23, 676, 1109, 0.03191494941711426], [23, 1002, 1633, 0.047904253005981445], [24, 792, 1297, 0.039920806884765625], [24, 738, 1201, 0.036900997161865234], [24, 1408, 2243, 0.0688166618347168], [24, 759, 1270, 0.030916452407836914], [24, 192, 311, 0.00797581672668457], [24, 582, 944, 0.027926921844482422], [25, 756, 1250, 0.02991938591003418], [25, 1167, 1896, 0.0608372688293457], [25, 717, 1178, 0.031882524490356445], [25, 911, 1513, 0.04188680648803711], [26, 1149, 1898, 0.05787944793701172], [26, 1558, 2553, 0.0718071460723877], [26, 1524, 2459, 0.07280564308166504], [26, 1626, 2662, 0.07579803466796875], [26, 1605, 2600, 0.06985116004943848], [28, 3218, 5180, 0.14853692054748535], [28, 759, 1245, 0.035902976989746094]]
Column 1: Depth of solution
Column 2: Total states stored
Column 3: Total states searched
Column 4: Time taken
Testing Linear_Conflict, N = 3
[[11, 24, 42, 0.0010001659393310547], [15, 69, 117, 0.002994537353515625], [16, 74, 129, 0.0029861927032470703], [16, 25, 44, 0.0009975433349609375], [17, 102, 170, 0.003990650177001953], [18, 86, 144, 0.0039882659912109375], [18, 159, 262, 0.007979869842529297], [19, 92, 153, 0.003990650177001953], [19, 160, 272, 0.007977724075317383], [20, 36, 57, 0.000997304916381836], [20, 204, 339, 0.008977174758911133], [20, 118, 189, 0.00498509407043457], [20, 480, 784, 0.0189511775970459], [20, 158, 267, 0.006982564926147461], [20, 40, 66, 0.0019943714141845703], [21, 376, 616, 0.016954421997070312], [21, 646, 1066, 0.0319514274597168], [21, 504, 825, 0.01991558074951172], [21, 322, 529, 0.012965679168701172], [22, 180, 304, 0.006979942321777344], [22, 356, 603, 0.016953706741333008], [22, 86, 138, 0.003017902374267578], [22, 172, 285, 0.007977962493896484], [22, 312, 514, 0.0139617919921875], [22, 402, 661, 0.018949508666992188], [23, 351, 565, 0.016988515853881836], [23, 351, 590, 0.013961553573608398], [23, 532, 887, 0.021912336349487305], [23, 417, 677, 0.017952442169189453], [23, 741, 1217, 0.029917478561401367], [23, 676, 1109, 0.0329129695892334], [23, 1002, 1633, 0.046872854232788086], [24, 792, 1297, 0.033910512924194336], [24, 738, 1201, 0.03687572479248047], [24, 1408, 2243, 0.06186819076538086], [24, 759, 1270, 0.03390955924987793], [24, 192, 311, 0.007979154586791992], [24, 582, 944, 0.025931596755981445], [25, 756, 1250, 0.0359036922454834], [25, 1167, 1896, 0.05086398124694824], [25, 717, 1178, 0.03094196319580078], [25, 911, 1513, 0.04188990592956543], [26, 1149, 1898, 0.05385732650756836], [26, 1558, 2553, 0.0688483715057373], [26, 1524, 2459, 0.06582379341125488], [26, 1626, 2662, 0.09670662879943848], [26, 1605, 2600, 0.06981348991394043], [28, 3218, 5180, 0.1445775032043457], [28, 759, 1245, 0.04587864875793457]]
Column 1: Depth of solution
Column 2: Total states stored
Column 3: Total states searched
Column 4: Time taken
Testing Linear_Conflict, N = 3
[[11, 24, 42, 0.001994609832763672], [15, 69, 117, 0.003989696502685547], [16, 74, 129, 0.003989458084106445], [16, 25, 44, 0.0019936561584472656], [17, 102, 170, 0.00598454475402832], [18, 86, 144, 0.0059850215911865234], [18, 159, 262, 0.010969161987304688], [19, 92, 153, 0.003992557525634766], [19, 160, 272, 0.010971307754516602], [20, 36, 57, 0.0009965896606445312], [20, 204, 339, 0.008975505828857422], [20, 118, 189, 0.006013154983520508], [20, 480, 784, 0.028892040252685547], [20, 158, 267, 0.00897836685180664], [20, 40, 66, 0.0029931068420410156], [21, 376, 616, 0.019945621490478516], [21, 646, 1066, 0.032910823822021484], [21, 504, 825, 0.03194546699523926], [21, 322, 529, 0.015956878662109375], [22, 180, 304, 0.011968851089477539], [22, 356, 603, 0.014960527420043945], [22, 86, 138, 0.0029909610748291016], [22, 172, 285, 0.007945775985717773], [22, 312, 514, 0.01695537567138672], [22, 402, 661, 0.030916213989257812], [23, 351, 565, 0.02293992042541504], [23, 351, 590, 0.014990806579589844], [23, 532, 887, 0.02495741844177246], [23, 417, 677, 0.02094268798828125], [23, 741, 1217, 0.04089021682739258], [23, 676, 1109, 0.03690171241760254], [23, 1002, 1633, 0.05485248565673828], [24, 792, 1297, 0.03390908241271973], [24, 738, 1201, 0.04288482666015625], [24, 1408, 2243, 0.08377552032470703], [24, 759, 1270, 0.06283187866210938], [24, 192, 311, 0.007977962493896484], [24, 582, 944, 0.03390932083129883], [25, 756, 1250, 0.0359039306640625], [25, 1167, 1896, 0.06283330917358398], [25, 717, 1178, 0.03789973258972168], [25, 911, 1513, 0.045876264572143555], [26, 1149, 1898, 0.05880999565124512], [26, 1558, 2553, 0.08477401733398438], [26, 1524, 2459, 0.08776402473449707], [26, 1626, 2662, 0.08976054191589355], [26, 1605, 2600, 0.10870814323425293], [28, 3218, 5180, 0.1874980926513672], [28, 759, 1245, 0.03686976432800293]]
Column 1: Depth of solution
Column 2: Total states stored
Column 3: Total states searched
Column 4: Time taken
Column 1: Depth of solution
Column 2: Total states stored
Column 3: Total states searched
Column 4: Time taken
Testing Linear_Conflict, N = 3
[[11, 24, 42, 0.0019953250885009766], [15, 69, 117, 0.0029916763305664062], [16, 74, 129, 0.0029909610748291016], [16, 25, 44, 0.001994609832763672], [17, 102, 170, 0.003989696502685547], [18, 86, 144, 0.007977962493896484], [18, 159, 262, 0.012965679168701172], [19, 92, 153, 0.005983114242553711], [19, 160, 272, 0.014959335327148438], [20, 36, 57, 0.0009970664978027344], [20, 204, 339, 0.02393794059753418], [20, 118, 189, 0.008965730667114258], [20, 480, 784, 0.038895368576049805], [20, 158, 267, 0.013961315155029297], [20, 40, 66, 0.0029954910278320312], [21, 376, 616, 0.01695418357849121], [21, 646, 1066, 0.0438838005065918], [21, 504, 825, 0.029919862747192383], [21, 322, 529, 0.03789806365966797], [22, 180, 304, 0.007979154586791992], [22, 356, 603, 0.03291058540344238], [22, 86, 138, 0.021938562393188477], [22, 172, 285, 0.015957355499267578], [22, 312, 514, 0.02693009376525879], [22, 402, 661, 0.023937225341796875], [23, 351, 565, 0.02194046974182129], [23, 351, 590, 0.019948244094848633], [23, 532, 887, 0.06582236289978027], [23, 417, 677, 0.03390908241271973], [23, 741, 1217, 0.04188680648803711], [23, 676, 1109, 0.0359039306640625], [23, 1002, 1633, 0.06283187866210938], [24, 792, 1297, 0.04488205909729004], [24, 738, 1201, 0.07480049133300781], [24, 1408, 2243, 0.10671448707580566], [24, 759, 1270, 0.05485248565673828], [24, 192, 311, 0.010970830917358398], [24, 582, 944, 0.03789567947387695], [25, 756, 1250, 0.06881546974182129], [25, 1167, 1896, 0.11768627166748047], [25, 717, 1178, 0.20844149589538574], [25, 911, 1513, 0.055849313735961914], [26, 1149, 1898, 0.08477497100830078], [26, 1558, 2553, 0.21243047714233398], [26, 1524, 2459, 0.15358757972717285], [26, 1626, 2662, 0.13164782524108887], [26, 1605, 2600, 0.10073280334472656], [28, 3218, 5180, 0.3221449851989746], [28, 759, 1245, 0.050863027572631836]]
